
 PRINT ELEMENT TABLE ITEMS PER ELEMENT
 
  ***** POST1 ELEMENT TABLE LISTING *****                                      
 
    STAT     CURRENT 
    ELEM     SMIS1   
       2   1.0874     
       3   1.0874     
       4   0.0000     
       5  -54.478     
       6   56.757     
       7   1.4290     
       8   1.4290     
       9   1.4290     
      10   1.1295     
      11  -53.390     
      12   1.4290     
      13  0.58775E-012
      14  -1.5379     
      15   77.043     
      16  -2.0209     
      17  -80.226     
      18  -1.5379     
      19  -1.6377     
      20   56.757     
      21  -112.77     
      22  -53.390     
      23   110.63     
      24  -79.064     
      25 -0.38322     
      26   78.205     
      27 -0.48306     
      28  0.11198E-001
      29  0.11198E-001
      30  0.11198E-001
      31  0.11198E-001
      32   166.84     
      33 -0.21224     
      34 -0.21224     
      35 -0.21224     
      36   110.63     
      37  -165.86     
      38 -0.21224     
      39  -112.77     
      40 -0.15836E-001
      41   79.048     
      42  0.30015     
 
  ***** POST1 ELEMENT TABLE LISTING *****                                      
 
    STAT     CURRENT 
    ELEM     SMIS1   
      43  -78.221     
      44  0.46722     
      45  0.36739     
      46   166.84     
      47  -223.16     
      48  -165.86     
      49   222.51     
      50  -78.748     
      51 -0.67237E-001
      52   78.521     
      53 -0.16707     
      54  0.19547     
      55  0.19547     
      56  0.19547     
      57  0.19547     
      58   278.18     
      59 -0.12407     
      60 -0.12407     
      61 -0.12407     
      62   222.51     
      63  -277.08     
      64 -0.12407     
      65  -223.16     
      66 -0.27644     
      67   78.471     
      68  0.17546     
      69  -78.798     
      70 -0.10936     
      71 -0.20920     
      72   278.18     
      73  -335.00     
      74  -277.08     
      75   332.94     
      76  -78.296     
      77  0.38465     
      78   78.973     
      79  0.28482     
      80 -0.38733     
      81 -0.38733     
      82 -0.38733     
      83 -0.38733     
 
  ***** POST1 ELEMENT TABLE LISTING *****                                      
 
    STAT     CURRENT 
    ELEM     SMIS1   
      84   389.63     
      85   2.7438     
      86   2.7438     
      87   2.7438     
      88   332.94     
      89  -388.17     
      90   2.7438     
      91  -335.00     
      92  0.54777     
      93   78.844     
      94  -3.8803     
      95  -78.425     
      96  0.26295     
      97  0.16311     
      98   389.63     
      99  -440.05     
     100  -388.17     
     101   450.16     
     102  -82.724     
     103  -4.0434     
     104   74.545     
     105  -4.1432     
     106   5.7860     
     107  -105.42     
     108   5.7860     
     109   5.7860     
     110   389.70     
     111   2.7439     
     112   2.7439     
     113   2.7439     
     114   450.16     
     115  -388.25     
     116   2.7439     
     117  -440.05     
     118  -8.1826     
     119  -82.728     
     120  -3.8804     
     121   74.541     
     122  -4.0393     
     123  -4.1392     
     124   389.70     
 
  ***** POST1 ELEMENT TABLE LISTING *****                                      
 
    STAT     CURRENT 
    ELEM     SMIS1   
     125  -334.86     
     126  -388.25     
     127   332.80     
     128   78.847     
     129  0.25878     
     130  -78.422     
     131  0.15894     
     132 -0.38718     
     133 -0.38718     
     134 -0.38718     
     135 -0.38718     
     136   278.39     
     137 -0.12575     
     138 -0.12575     
     139 -0.12575     
     140   332.80     
     141  -277.29     
     142 -0.12575     
     143  -334.86     
     144  0.54756     
     145  -78.300     
     146  0.17783     
     147   78.969     
     148  0.38861     
     149  0.28878     
     150   278.39     
     151  -222.88     
     152  -277.29     
     153   222.23     
     154   78.477     
     155 -0.11095     
     156  -78.792     
     157 -0.21078     
     158  0.20279     
     159  0.20279     
     160  0.20279     
     161  0.20279     
     162   167.21     
     163 -0.23496     
     164 -0.23496     
     165 -0.23496     
 
  ***** POST1 ELEMENT TABLE LISTING *****                                      
 
    STAT     CURRENT 
    ELEM     SMIS1   
     166   222.23     
     167  -166.20     
     168 -0.23496     
     169  -222.88     
     170 -0.28678     
     171  -78.764     
     172  0.33229     
     173   78.505     
     174 -0.76001E-001
     175 -0.17584     
     176   167.21     
     177  -112.43     
     178  -166.20     
     179   110.12     
     180   79.097     
     181  0.50812     
     182  -78.173     
     183  0.40829     
     184  0.63811E-001
     185  0.63811E-001
     186  0.63811E-001
     187  0.63811E-001
     188   57.503     
     189   1.3566     
     190   1.3566     
     191   1.3566     
     192   110.12     
     193  -53.633     
     194   1.3566     
     195  -112.43     
     196 -0.90242E-001
     197  -79.187     
     198  -1.9185     
     199   78.082     
     200 -0.49853     
     201 -0.59837     
     202   57.503     
     203   0.0000     
     204  -53.633     
     205 -0.58775E-012
     206   77.268     
 
  ***** POST1 ELEMENT TABLE LISTING *****                                      
 
    STAT     CURRENT 
    ELEM     SMIS1   
     207  -1.3201     
     208  -80.001     
     209  -1.4200     
     210   1.0041     
     211   1.0041     
     212  -54.637     
     213   0.0000     
     214  -1.4200     

 MINIMUM VALUES
 ELEM         99
 VALUE   -440.05     

 MAXIMUM VALUES
 ELEM        101
 VALUE    450.16     

