       1   0.0000       0.0000       0.0000       0.0000     
       2 -0.85086E-006 -0.32458E-003 -0.56312E-006 0.32458E-003
       3  0.81378E-005 -0.64091E-003 -0.89498E-005 0.64102E-003
       4  0.17107E-004 -0.93818E-003 -0.24535E-006 0.93834E-003
       5  0.36227E-004 -0.12077E-002 -0.18065E-004 0.12083E-002
       6  0.55385E-004 -0.14388E-002  0.21664E-006 0.14398E-002
       7  0.84578E-004 -0.16214E-002 -0.27217E-004 0.16238E-002
       8  0.11381E-003 -0.17458E-002  0.18837E-006 0.17495E-002
       9  0.15367E-003 -0.18023E-002 -0.38708E-004 0.18092E-002
      10  0.19352E-003 -0.17491E-002  0.43347E-006 0.17598E-002
      11  0.22304E-003 -0.16276E-002 -0.26993E-004 0.16431E-002
      12  0.25253E-003 -0.14474E-002  0.97335E-006 0.14693E-002
      13  0.27225E-003 -0.12179E-002 -0.17584E-004 0.12480E-002
      14  0.29193E-003 -0.94883E-003  0.10379E-005 0.99273E-003
      15  0.30172E-003 -0.65023E-003 -0.82637E-005 0.71687E-003
      16  0.31147E-003 -0.33204E-003  0.82525E-006 0.45526E-003
      17  0.31150E-003  0.0000        0.0000      0.31150E-003
      18  0.30763E-003 -0.39444E-005 -0.14885E-005 0.30766E-003
      19  0.30412E-003 -0.32473E-003 -0.39762E-005 0.44492E-003
      20  0.30045E-003 -0.64064E-003 -0.12126E-004 0.70770E-003
      21  0.28640E-003 -0.93820E-003 -0.33108E-005 0.98095E-003
      22  0.27229E-003 -0.12077E-002 -0.21138E-004 0.12382E-002
      23  0.24810E-003 -0.14388E-002 -0.28852E-005 0.14600E-002
      24  0.22386E-003 -0.16214E-002 -0.30277E-004 0.16371E-002
      25  0.18952E-003 -0.17456E-002 -0.23984E-005 0.17559E-002
      26  0.15510E-003 -0.18019E-002 -0.38270E-004 0.18090E-002
      27  0.12055E-003 -0.17489E-002 -0.21301E-005 0.17530E-002
      28  0.86066E-004 -0.16277E-002 -0.30007E-004 0.16302E-002
      29  0.61411E-004 -0.14474E-002 -0.20603E-005 0.14487E-002
      30  0.36800E-004 -0.12179E-002 -0.20552E-004 0.12186E-002
      31  0.22016E-004 -0.94884E-003 -0.18581E-005 0.94909E-003
      32  0.72752E-005 -0.65023E-003 -0.11050E-004 0.65036E-003
      33  0.24968E-005 -0.33191E-003 -0.15818E-005 0.33193E-003
      34 -0.22270E-005 -0.48233E-005 -0.44220E-006 0.53310E-005
      35  0.30862E-003  0.62326E-006 -0.12037E-005 0.30862E-003
      36  0.30924E-003 -0.32189E-003 -0.37711E-005 0.44638E-003
      37  0.30013E-003 -0.63806E-003 -0.11947E-004 0.70522E-003
      38  0.29103E-003 -0.93553E-003 -0.31554E-005 0.97976E-003
      39  0.27189E-003 -0.12049E-002 -0.20864E-004 0.12354E-002
      40  0.25271E-003 -0.14361E-002 -0.25699E-005 0.14581E-002
      41  0.22334E-003 -0.16186E-002 -0.29921E-004 0.16342E-002
      42  0.19393E-003 -0.17423E-002 -0.17228E-005 0.17531E-002
      43  0.15497E-003 -0.18053E-002 -0.37262E-004 0.18123E-002
      44  0.11601E-003 -0.17456E-002 -0.14530E-005 0.17495E-002
      45  0.86309E-004 -0.16249E-002 -0.29646E-004 0.16274E-002
      46  0.56644E-004 -0.14448E-002 -0.17411E-005 0.14459E-002
      47  0.36865E-004 -0.12152E-002 -0.20270E-004 0.12159E-002
      48  0.17127E-004 -0.94625E-003 -0.16790E-005 0.94641E-003
      49  0.71395E-005 -0.64760E-003 -0.10911E-004 0.64773E-003
      50 -0.28099E-005 -0.32903E-003 -0.13948E-005 0.32905E-003
      51 -0.28412E-005  0.39567E-007 -0.33055E-006 0.28607E-005
      52   0.0000       0.0000       0.0000       0.0000     
      53  0.36810E-005 -0.32099E-003 -0.54865E-006 0.32102E-003
      54  0.77199E-005 -0.63813E-003 -0.90180E-005 0.63824E-003
      55  0.21785E-004 -0.93544E-003 -0.46537E-006 0.93569E-003
      56  0.35912E-004 -0.12050E-002 -0.18308E-004 0.12056E-002
      57  0.60185E-004 -0.14360E-002 -0.11837E-006 0.14373E-002
      58  0.84506E-004 -0.16186E-002 -0.27642E-004 0.16210E-002
      59  0.11898E-003 -0.17426E-002 -0.19483E-007 0.17466E-002
      60  0.15353E-003 -0.17960E-002 -0.38667E-004 0.18029E-002
      61  0.18822E-003 -0.17459E-002  0.22319E-006 0.17560E-002
      62  0.22284E-003 -0.16249E-002 -0.27420E-004 0.16403E-002
      63  0.24759E-003 -0.14448E-002  0.63031E-006 0.14658E-002
      64  0.27230E-003 -0.12153E-002 -0.17832E-004 0.12455E-002
      65  0.28717E-003 -0.94622E-003  0.81820E-006 0.98883E-003
      66  0.30199E-003 -0.64761E-003 -0.83918E-005 0.71462E-003
      67  0.30711E-003 -0.32914E-003  0.86781E-006 0.45017E-003
      68  0.31219E-003  0.0000       0.0000      0.31219E-003

