       1   0.0000       0.0000       0.0000       0.0000     
       2 -0.33196E-009 -0.28619E-009 -0.29677E-008 0.29999E-008
       3 -0.49660E-009 -0.23963E-009 -0.59079E-008 0.59336E-008
       4 -0.66124E-009 -0.36220E-009 -0.90173E-008 0.90488E-008
       5 -0.65931E-009 -0.47160E-009 -0.11839E-007 0.11866E-007
       6 -0.65738E-009 -0.42013E-009 -0.14499E-007 0.14520E-007
       7 -0.49492E-009 -0.67584E-009 -0.16547E-007 0.16568E-007
       8 -0.33245E-009 -0.45559E-009 -0.18119E-007 0.18128E-007
       9 -0.51665E-023 -0.88507E-009 -0.18776E-007 0.18797E-007
      10  0.33245E-009 -0.45559E-009 -0.18119E-007 0.18128E-007
      11  0.49492E-009 -0.67584E-009 -0.16547E-007 0.16568E-007
      12  0.65738E-009 -0.42013E-009 -0.14499E-007 0.14520E-007
      13  0.65931E-009 -0.47160E-009 -0.11839E-007 0.11866E-007
      14  0.66124E-009 -0.36220E-009 -0.90173E-008 0.90488E-008
      15  0.49660E-009 -0.23963E-009 -0.59079E-008 0.59336E-008
      16  0.33196E-009 -0.28619E-009 -0.29677E-008 0.29999E-008
      17   0.0000       0.0000       0.0000       0.0000     
      18   0.0000       0.0000       0.0000       0.0000     
      19 -0.23308E-009 -0.25075E-009 -0.28109E-008 0.28316E-008
      20 -0.46615E-009 -0.20646E-009 -0.59167E-008 0.59387E-008
      21 -0.54875E-009 -0.33168E-009 -0.88724E-008 0.88955E-008
      22 -0.63135E-009 -0.43908E-009 -0.11846E-007 0.11871E-007
      23 -0.55420E-009 -0.38864E-009 -0.14352E-007 0.14368E-007
      24 -0.47704E-009 -0.64456E-009 -0.16551E-007 0.16571E-007
      25 -0.23852E-009 -0.41981E-009 -0.17961E-007 0.17968E-007
      26 -0.13768E-022 -0.84488E-009 -0.18721E-007 0.18741E-007
      27  0.23852E-009 -0.41981E-009 -0.17961E-007 0.17968E-007
      28  0.47704E-009 -0.64456E-009 -0.16551E-007 0.16571E-007
      29  0.55420E-009 -0.38864E-009 -0.14352E-007 0.14368E-007
      30  0.63135E-009 -0.43908E-009 -0.11846E-007 0.11871E-007
      31  0.54875E-009 -0.33168E-009 -0.88724E-008 0.88955E-008
      32  0.46615E-009 -0.20646E-009 -0.59167E-008 0.59387E-008
      33  0.23308E-009 -0.25075E-009 -0.28109E-008 0.28316E-008
      34   0.0000       0.0000       0.0000       0.0000     
      35  0.25017E-008 -0.61955E-010 0.16183E-010 0.25025E-008
      36  0.25017E-008 -0.23646E-009 -0.27754E-008 0.37440E-008
      37  0.23467E-008 -0.35780E-009 -0.58836E-008 0.63444E-008
      38  0.21917E-008 -0.32926E-009 -0.88419E-008 0.91154E-008
      39  0.18809E-008 -0.58885E-009 -0.11813E-007 0.11977E-007
      40  0.15701E-008 -0.38387E-009 -0.14320E-007 0.14411E-007
      41  0.10975E-008 -0.79135E-009 -0.16520E-007 0.16575E-007
      42  0.62494E-009 -0.40468E-009 -0.17925E-007 0.17941E-007
      43 -0.16266E-022 -0.93259E-009 -0.18842E-007 0.18866E-007
      44 -0.62494E-009 -0.40468E-009 -0.17925E-007 0.17941E-007
      45 -0.10975E-008 -0.79135E-009 -0.16520E-007 0.16575E-007
      46 -0.15701E-008 -0.38387E-009 -0.14320E-007 0.14411E-007
      47 -0.18809E-008 -0.58885E-009 -0.11813E-007 0.11977E-007
      48 -0.21917E-008 -0.32926E-009 -0.88419E-008 0.91154E-008
      49 -0.23467E-008 -0.35780E-009 -0.58836E-008 0.63444E-008
      50 -0.25017E-008 -0.23646E-009 -0.27754E-008 0.37440E-008
      51 -0.25017E-008 -0.61955E-010  0.16183E-010 0.25025E-008
      52  0.23892E-008 -0.78138E-010 -0.64401E-010 0.23913E-008
      53  0.23410E-008 -0.27190E-009 -0.29322E-008 0.37619E-008
      54  0.22927E-008 -0.39097E-009 -0.58748E-008 0.63184E-008
      55  0.20727E-008 -0.35978E-009 -0.89868E-008 0.92297E-008
      56  0.18526E-008 -0.62137E-009 -0.11806E-007 0.11967E-007
      57  0.14699E-008 -0.41537E-009 -0.14467E-007 0.14548E-007
      58  0.10873E-008 -0.82263E-009 -0.16516E-007 0.16572E-007
      59  0.54363E-009 -0.44047E-009 -0.18083E-007 0.18097E-007
      60 -0.83993E-023 -0.97278E-009 -0.18736E-007 0.18761E-007
      61 -0.54363E-009 -0.44047E-009 -0.18083E-007 0.18097E-007
      62 -0.10873E-008 -0.82263E-009 -0.16516E-007 0.16572E-007
      63 -0.14699E-008 -0.41537E-009 -0.14467E-007 0.14548E-007
      64 -0.18526E-008 -0.62137E-009 -0.11806E-007 0.11967E-007
      65 -0.20727E-008 -0.35978E-009 -0.89868E-008 0.92297E-008
      66 -0.22927E-008 -0.39097E-009 -0.58748E-008 0.63184E-008
      67 -0.23410E-008 -0.27190E-009 -0.29322E-008 0.37619E-008
      68 -0.23892E-008 -0.78138E-010 -0.64401E-010 0.23913E-008


