       1   0.0000     
       2   1.0874     
       3   1.0874     
       4  -54.478     
       5   56.757     
       6   0.0000     
       7  -53.390     
       8   1.1295     
       9   1.4290     
      10   1.4290     
      11   1.4290     
      12   1.4290     
      13   56.757     
      14  -112.77     
      15  -53.390     
      16   110.63     
      17  0.11198E-001
      18  0.11198E-001
      19  0.11198E-001
      20  0.11198E-001
      21   166.84     
      22  -112.77     
      23  -165.86     
      24   110.63     
      25 -0.21224     
      26 -0.21224     
      27 -0.21224     
      28 -0.21224     
      29   166.84     
      30  -223.16     
      31  -165.86     
      32   222.51     
      33  0.19547     
      34  0.19547     
      35  0.19547     
      36  0.19547     
      37   278.18     
      38  -223.16     
      39  -277.08     
      40   222.51     
      41 -0.12407      
      42 -0.12407     
      43 -0.12407     
      44 -0.12407     
      45   278.18     
      46  -335.00     
      47  -277.08     
      48   332.94     
      49 -0.38733     
      50 -0.38733     
      51 -0.38733     
      52 -0.38733     
      53   389.63     
      54  -335.00     
      55  -388.17     
      56   332.94     
      57   2.7438     
      58   2.7438     
      59   2.7438     
      60   2.7438     
      61   389.63     
      62  -440.05     
      63  -388.17     
      64   450.16     
      65   5.7860     
      66  -105.42     
      67   5.7860     
      68   5.7860     
      69   389.70     
      70  -440.05     
      71  -388.25     
      72   450.16     
      73   2.7439     
      74   2.7439     
      75   2.7439     
      76   2.7439     
      77   389.70     
      78  -334.86     
      79  -388.25     
      80   332.80     
      81 -0.38718     
      82 -0.38718     
      83 -0.38718     
      84 -0.38718     
      85   278.39     
      86  -334.86     
      87  -277.29     
      88   332.80     
      89 -0.12575     
      90 -0.12575     
      91 -0.12575     
      92 -0.12575     
      93   278.39     
      94  -222.88     
      95  -277.29     
      96   222.23     
      97  0.20279     
      98  0.20279     
      99  0.20279     
     100  0.20279     
     101   167.21     
     102  -222.88     
     103  -166.20     
     104   222.23     
     105 -0.23496     
     106 -0.23496     
     107 -0.23496     
     108 -0.23496     
     109   167.21     
     110  -112.43     
     111  -166.20     
     112   110.12     
     113  0.63811E-001
     114  0.63811E-001
     115  0.63811E-001
     116  0.63811E-001
     117   57.503     
     118  -112.43     
     119  -53.633     
     120   110.12     
     121   1.3566     
     122   1.3566     
     123   1.3566      
     124   1.3566     
     125   57.503     
     126   0.0000     
     127  -53.633     
     128   0.0000     
     129   0.0000     
     130   1.0041     
     131  -54.637     
     132   1.0041     
     133  -1.5379     
     134 -0.15836E-001
     135 -0.27644     
     136  0.54777     
     137  -8.1826     
     138  0.54756     
     139 -0.28678     
     140 -0.90242E-001
     141  -2.0209     
     142  0.30015     
     143  0.17546     
     144  -3.8803     
     145  -3.8804     
     146  0.17783     
     147  0.33229     
     148  -1.9185     
     149   77.043     
     150  -80.226     
     151   79.048     
     152  -78.221     
     153   78.471     
     154  -78.798     
     155   78.844     
     156  -78.425     
     157  -82.728     
     158   74.541     
     159  -78.300     
     160   78.969     
     161  -78.764     
     162   78.505     
     163  -79.187     
     164   78.082      
     165  -1.5379     
     166 -0.48306     
     167  0.46722     
     168 -0.16707     
     169 -0.10936     
     170  0.28482     
     171  0.26295     
     172  -4.1432     
     173  -4.0393     
     174  0.15894     
     175  0.38861     
     176 -0.21078     
     177 -0.76001E-001
     178  0.40829     
     179 -0.49853     
     180  -1.4200     
     181  -1.6377     
     182 -0.38322     
     183  0.36739     
     184 -0.67237E-001
     185 -0.20920     
     186  0.38465     
     187  0.16311     
     188  -4.0434     
     189  -4.1392     
     190  0.25878     
     191  0.28878     
     192 -0.11095     
     193 -0.17584     
     194  0.50812     
     195 -0.59837     
     196  -1.3201     
     197   78.205     
     198  -79.064     
     199   78.521     
     200  -78.748     
     201   78.973     
     202  -78.296     
     203   74.545     
     204  -82.724     
     205  -78.422      
     206   78.847     
     207  -78.792     
     208   78.477     
     209  -78.173     
     210   79.097     
     211  -80.001     
     212   77.268     
     213  -1.4200     
 

