%Loading Case (lbs)	F0 (lbf)	F1 (lbf)	F2 (lbf)	F3D (lbf)	LVDT (in)	%9/30/20211:10 PM
0.000	0.026	-0.097	-0.042	-90.520	-0.000
0.000	0.029	-0.101	-0.033	-90.594	-0.000
0.000	0.019	-0.108	-0.047	-90.548	-0.000
0.000	0.024	-0.105	-0.042	-90.540	-0.000
0.000	0.029	-0.099	-0.050	-90.536	-0.000
0.000	0.025	-0.108	-0.043	-90.545	-0.000
0.000	0.029	-0.107	-0.039	-90.617	-0.000
0.000	0.029	-0.102	-0.043	-90.642	-0.000
0.000	0.020	-0.107	-0.047	-90.527	-0.000
0.000	0.034	-0.113	-0.042	-90.570	-0.000
10.000	2.118	3.078	5.031	-74.138	-0.004
10.000	2.120	3.091	5.046	-74.038	-0.004
10.000	2.120	3.083	5.041	-74.128	-0.004
10.000	2.118	3.097	5.038	-74.054	-0.004
10.000	2.119	3.078	5.044	-74.100	-0.004
10.000	2.117	3.087	5.041	-74.042	-0.004
10.000	2.122	3.086	5.042	-74.095	-0.004
10.000	2.123	3.083	5.039	-73.981	-0.004
10.000	2.128	3.084	5.045	-74.096	-0.004
10.000	2.126	3.092	5.043	-74.127	-0.004
20.000	5.044	5.146	10.471	-57.421	-0.009
20.000	5.051	5.149	10.475	-57.338	-0.009
20.000	5.049	5.154	10.481	-57.374	-0.009
20.000	5.046	5.139	10.485	-57.411	-0.009
20.000	5.047	5.144	10.479	-57.379	-0.009
20.000	5.046	5.145	10.471	-57.310	-0.009
20.000	5.043	5.152	10.476	-57.335	-0.009
20.000	5.052	5.147	10.472	-57.468	-0.009
20.000	5.053	5.150	10.470	-57.376	-0.009
20.000	5.053	5.157	10.477	-57.329	-0.009
30.000	7.740	8.214	15.326	-45.374	-0.017
30.000	7.740	8.218	15.325	-45.308	-0.017
30.000	7.732	8.228	15.326	-45.345	-0.017
30.000	7.734	8.237	15.325	-45.191	-0.017
30.000	7.737	8.227	15.328	-45.289	-0.017
30.000	7.732	8.223	15.330	-45.253	-0.017
30.000	7.731	8.221	15.329	-45.338	-0.017
30.000	7.732	8.238	15.330	-45.299	-0.017
30.000	7.733	8.235	15.326	-45.360	-0.017
30.000	7.733	8.226	15.329	-45.194	-0.017
30.000	7.718	8.200	15.308	-45.290	-0.017
30.000	7.725	8.206	15.311	-45.370	-0.017
30.000	7.730	8.221	15.305	-45.299	-0.017
30.000	7.727	8.195	15.316	-45.354	-0.017
30.000	7.723	8.212	15.311	-45.196	-0.017
30.000	7.712	8.217	15.307	-45.238	-0.017
30.000	7.701	8.210	15.313	-45.348	-0.017
30.000	7.725	8.206	15.316	-45.297	-0.017
30.000	7.741	8.190	15.324	-45.186	-0.017
30.000	7.742	8.197	15.323	-45.365	-0.017
40.000	10.114	11.065	20.642	-33.444	-0.029
40.000	10.119	11.057	20.652	-33.491	-0.029
40.000	10.117	11.042	20.645	-33.376	-0.029
40.000	10.119	11.054	20.655	-33.458	-0.029
40.000	10.111	11.049	20.658	-33.455	-0.029
40.000	10.117	11.045	20.646	-33.437	-0.029
40.000	10.122	11.043	20.652	-33.432	-0.029
40.000	10.126	11.040	20.644	-33.401	-0.029
40.000	10.120	11.054	20.646	-33.334	-0.029
40.000	10.124	11.059	20.657	-33.425	-0.029
50.000	13.299	13.791	25.835	-27.121	-0.045
50.000	13.283	13.807	25.834	-27.024	-0.045
50.000	13.288	13.811	25.841	-27.047	-0.045
50.000	13.287	13.805	25.843	-27.154	-0.045
50.000	13.292	13.815	25.847	-27.117	-0.045
50.000	13.293	13.800	25.837	-27.104	-0.045
50.000	13.291	13.816	25.840	-27.105	-0.045
50.000	13.291	13.804	25.838	-27.044	-0.045
50.000	13.290	13.815	25.841	-27.063	-0.045
50.000	13.292	13.813	25.843	-27.091	-0.045
50.000	13.287	13.810	25.845	-27.111	-0.045
50.000	13.286	13.816	25.846	-27.158	-0.045
50.000	13.273	13.820	25.846	-27.112	-0.045
50.000	13.284	13.805	25.835	-27.149	-0.045
50.000	13.284	13.801	25.834	-27.175	-0.045
50.000	13.283	13.819	25.840	-27.150	-0.045
50.000	13.288	13.803	25.841	-27.176	-0.045
50.000	13.293	13.798	25.842	-27.140	-0.045
50.000	13.291	13.800	25.836	-27.199	-0.045
50.000	13.281	13.800	25.841	-27.165	-0.045
40.000	10.267	11.131	20.766	-33.506	-0.031
40.000	10.271	11.140	20.774	-33.404	-0.031
40.000	10.272	11.130	20.770	-33.429	-0.031
40.000	10.276	11.143	20.770	-33.559	-0.031
40.000	10.267	11.135	20.763	-33.559	-0.031
40.000	10.265	11.138	20.752	-33.419	-0.031
40.000	10.260	11.119	20.757	-33.483	-0.031
40.000	10.261	11.123	20.752	-33.464	-0.031
40.000	10.258	11.127	20.762	-33.435	-0.031
40.000	10.261	11.119	20.760	-33.567	-0.031
30.000	7.818	8.273	15.380	-45.479	-0.019
30.000	7.819	8.266	15.372	-45.409	-0.019
30.000	7.822	8.268	15.378	-45.459	-0.019
30.000	7.826	8.267	15.374	-45.451	-0.019
30.000	7.820	8.281	15.371	-45.519	-0.019
30.000	7.816	8.267	15.370	-45.637	-0.019
30.000	7.822	8.263	15.375	-45.473	-0.019
30.000	7.818	8.268	15.377	-45.486	-0.019
30.000	7.808	8.266	15.373	-45.490	-0.019
30.000	7.815	8.272	15.372	-45.400	-0.019
30.000	7.810	8.270	15.364	-45.462	-0.019
30.000	7.824	8.278	15.373	-45.448	-0.019
30.000	7.823	8.264	15.383	-45.377	-0.019
30.000	7.820	8.269	15.378	-45.497	-0.019
30.000	7.815	8.270	15.379	-45.488	-0.019
30.000	7.821	8.272	15.373	-45.406	-0.019
30.000	7.830	8.275	15.385	-45.477	-0.019
30.000	7.833	8.261	15.381	-45.602	-0.019
30.000	7.818	8.267	15.371	-45.566	-0.019
30.000	7.822	8.271	15.370	-45.514	-0.019
20.000	5.142	5.170	10.527	-56.841	-0.010
20.000	5.143	5.187	10.527	-56.783	-0.010
20.000	5.149	5.171	10.527	-56.849	-0.010
20.000	5.144	5.183	10.517	-56.746	-0.010
20.000	5.146	5.182	10.519	-56.722	-0.010
20.000	5.145	5.173	10.526	-56.688	-0.010
20.000	5.143	5.186	10.530	-56.657	-0.010
20.000	5.142	5.176	10.525	-56.693	-0.010
20.000	5.149	5.175	10.523	-56.654	-0.010
20.000	5.142	5.191	10.524	-56.572	-0.010
10.000	2.168	3.115	5.058	-73.046	-0.005
10.000	2.177	3.106	5.057	-73.028	-0.005
10.000	2.173	3.108	5.057	-72.919	-0.005
10.000	2.171	3.119	5.059	-72.870	-0.005
10.000	2.171	3.122	5.057	-73.004	-0.005
10.000	2.186	3.120	5.067	-73.003	-0.005
10.000	2.181	3.113	5.055	-73.048	-0.005
10.000	2.174	3.110	5.061	-73.036	-0.005
10.000	2.178	3.119	5.054	-72.868	-0.005
10.000	2.177	3.123	5.062	-72.916	-0.005
0.000	0.082	-0.119	-0.036	-89.970	-0.001
0.000	0.081	-0.121	-0.042	-89.938	-0.001
0.000	0.083	-0.117	-0.042	-89.836	-0.001
0.000	0.087	-0.113	-0.036	-90.008	-0.001
0.000	0.087	-0.121	-0.045	-89.903	-0.001
0.000	0.083	-0.123	-0.053	-89.837	-0.001
0.000	0.090	-0.124	-0.046	-89.932	-0.001
0.000	0.085	-0.116	-0.038	-89.919	-0.001
0.000	0.086	-0.117	-0.036	-89.983	-0.001
0.000	0.096	-0.103	-0.035	-89.892	-0.001
0.000	0.079	-0.125	-0.045	-90.049	-0.001
0.000	0.076	-0.126	-0.046	-90.089	-0.001
0.000	0.072	-0.124	-0.042	-89.949	-0.001
0.000	0.060	-0.131	-0.056	-90.000	-0.001
0.000	0.065	-0.132	-0.058	-89.938	-0.001
0.000	0.067	-0.136	-0.053	-89.969	-0.001
0.000	0.077	-0.134	-0.049	-89.952	-0.001
0.000	0.070	-0.133	-0.054	-90.007	-0.001
0.000	0.072	-0.145	-0.059	-90.075	-0.001
0.000	0.070	-0.130	-0.053	-90.012	-0.001
0.000	0.071	-0.135	-0.067	-89.972	-0.001
0.000	0.063	-0.137	-0.054	-89.949	-0.001
0.000	0.067	-0.137	-0.060	-90.045	-0.001
0.000	0.067	-0.138	-0.063	-89.871	-0.001
0.000	0.070	-0.133	-0.061	-89.916	-0.001
0.000	0.063	-0.133	-0.058	-89.925	-0.001
0.000	0.063	-0.135	-0.065	-90.034	-0.001
0.000	0.065	-0.141	-0.052	-90.048	-0.001
0.000	0.069	-0.135	-0.054	-89.938	-0.001
0.000	0.062	-0.134	-0.056	-90.044	-0.001
