
       1   0.0000       0.0000       0.0000       0.0000     
       2  0.10266E-006 0.34172E-003 0.40034E-006 0.34172E-003
       3  0.10157E-004 0.66915E-003 0.98843E-005 0.66930E-003
       4  0.20211E-004 0.97647E-003 0.55598E-007 0.97668E-003
       5  0.40434E-004 0.12536E-002 0.20517E-004 0.12544E-002
       6  0.60657E-004 0.14902E-002 0.44622E-006 0.14914E-002
       7  0.90916E-004 0.16764E-002 0.30890E-004 0.16791E-002
       8  0.12118E-003 0.18022E-002 0.98581E-006 0.18063E-002
       9  0.16209E-003 0.18587E-002 0.43100E-004 0.18663E-002
      10  0.20300E-003 0.18022E-002 0.84949E-006 0.18136E-002
      11  0.23325E-003 0.16764E-002 0.30631E-004 0.16928E-002
      12  0.26349E-003 0.14902E-002 0.88297E-007 0.15133E-002
      13  0.28369E-003 0.12536E-002 0.20099E-004 0.12855E-002
      14  0.30389E-003 0.97650E-003 0.37295E-006 0.10227E-002
      15  0.31390E-003 0.66915E-003 0.95121E-005 0.73918E-003
      16  0.32391E-003 0.34175E-003 0.64731E-006 0.47086E-003
      17  0.32391E-003 0.0000       0.0000      0.32391E-003
      18  0.32287E-003 0.49512E-005 0.47720E-006 0.32291E-003
      19  0.31802E-003 0.34159E-003 0.19996E-005 0.46671E-003
      20  0.31316E-003 0.66915E-003 0.12600E-004 0.73891E-003
      21  0.29809E-003 0.97649E-003 0.28143E-005 0.10210E-002
      22  0.28301E-003 0.12536E-002 0.23271E-004 0.12853E-002
      23  0.25783E-003 0.14902E-002 0.31842E-005 0.15124E-002
      24  0.23265E-003 0.16764E-002 0.33515E-004 0.16928E-002
      25  0.19737E-003 0.18020E-002 0.30931E-005 0.18128E-002
      26  0.16209E-003 0.18582E-002 0.42025E-004 0.18657E-002
      27  0.12681E-003 0.18020E-002 0.29554E-005 0.18065E-002
      28  0.91521E-004 0.16764E-002 0.33253E-004 0.16793E-002
      29  0.66320E-004 0.14902E-002 0.28225E-005 0.14917E-002
      30  0.41119E-004 0.12536E-002 0.22850E-004 0.12545E-002
      31  0.26014E-004 0.97652E-003 0.23838E-005 0.97687E-003
      32  0.10909E-004 0.66914E-003 0.12231E-004 0.66934E-003
      33  0.60350E-005 0.34163E-003 0.17589E-005 0.34169E-003
      34  0.11606E-005 0.49656E-005 0.44061E-006 0.51185E-005
      35  0.32398E-003 0.98831E-007 0.37837E-006 0.32398E-003
      36  0.32398E-003 0.33856E-003 0.18697E-005 0.46861E-003
      37  0.31373E-003 0.66644E-003 0.12599E-004 0.73670E-003
      38  0.30348E-003 0.97382E-003 0.28336E-005 0.10200E-002
      39  0.28320E-003 0.12509E-002 0.23253E-004 0.12828E-002
      40  0.26292E-003 0.14875E-002 0.31954E-005 0.15106E-002
      41  0.23247E-003 0.16736E-002 0.33551E-004 0.16900E-002
      42  0.20203E-003 0.17987E-002 0.28438E-005 0.18100E-002
      43  0.16203E-003 0.18618E-002 0.41499E-004 0.18693E-002
      44  0.12204E-003 0.17987E-002 0.27060E-005 0.18028E-002
      45  0.91606E-004 0.16736E-002 0.33288E-004 0.16765E-002
      46  0.61173E-004 0.14876E-002 0.28339E-005 0.14888E-002
      47  0.40917E-004 0.12509E-002 0.22831E-004 0.12518E-002
      48  0.20661E-004 0.97387E-003 0.24052E-005 0.97409E-003
      49  0.10442E-004 0.66645E-003 0.12225E-004 0.66665E-003
      50  0.22380E-006 0.33863E-003 0.16356E-005 0.33863E-003
      51  0.22380E-006 0.91253E-007 0.34936E-006 0.42481E-006
      52   0.0000       0.0000       0.0000       0.0000     
      53  0.51583E-005 0.33869E-003 0.53021E-006 0.33873E-003
      54  0.10317E-004 0.66644E-003 0.98833E-005 0.66659E-003
      55  0.25479E-004 0.97381E-003 0.74887E-007 0.97414E-003
      56  0.40642E-004 0.12509E-002 0.20499E-004 0.12518E-002
      57  0.65924E-004 0.14875E-002 0.45750E-006 0.14890E-002
      58  0.91206E-004 0.16736E-002 0.30926E-004 0.16764E-002
      59  0.12662E-003 0.17989E-002 0.73645E-006 0.18034E-002
      60  0.16203E-003 0.18522E-002 0.42574E-004 0.18598E-002
      61  0.19745E-003 0.17989E-002 0.60012E-006 0.18097E-002
      62  0.23286E-003 0.16736E-002 0.30666E-004 0.16900E-002
      63  0.25817E-003 0.14875E-002 0.99726E-007 0.15098E-002
      64  0.28347E-003 0.12509E-002 0.20081E-004 0.12828E-002
      65  0.29866E-003 0.97385E-003 0.35159E-006 0.10186E-002
      66  0.31386E-003 0.66646E-003 0.95063E-005 0.73673E-003
      67  0.31909E-003 0.33875E-003 0.77060E-006 0.46537E-003
      68  0.32431E-003  0.0000       0.0000      0.32431E-003

